patient_count: 50
After initialize
ID PAIN AGE
QUEUE
2   7   48  
QUEUE
2   7   48  
3   9   71  
QUEUE
2   7   48  
3   9   71  
4   6   45  
QUEUE
2   7   48  
3   9   71  
4   6   45  
5   6   45  
QUEUE
2   7   48  
3   9   71  
4   6   45  
5   6   45  
6   8   56  
QUEUE
2   7   48  
3   9   71  
4   6   45  
5   6   45  
6   8   56  
7   7   34  
QUEUE
2   7   48  
3   9   71  
4   6   45  
5   6   45  
6   8   56  
7   7   34  
8   9   82  
QUEUE
2   7   48  
3   9   71  
4   6   45  
5   6   45  
6   8   56  
7   7   34  
8   9   82  
9   5   36  
QUEUE
2   7   48  
3   9   71  
4   6   45  
5   6   45  
6   8   56  
7   7   34  
8   9   82  
9   5   36  
10  6   44  
QUEUE
2   7   48  
3   9   71  
4   6   45  
5   6   45  
6   8   56  
7   7   34  
8   9   82  
9   5   36  
10  6   44  
11  7   23  
QUEUE
2   7   48  
3   9   71  
4   6   45  
5   6   45  
6   8   56  
7   7   34  
8   9   82  
9   5   36  
10  6   44  
11  7   23  
12  9   45  
QUEUE
2   7   48  
3   9   71  
4   6   45  
5   6   45  
6   8   56  
7   7   34  
8   9   82  
9   5   36  
10  6   44  
11  7   23  
12  9   45  
13  7   26  
QUEUE
2   7   48  
3   9   71  
4   6   45  
5   6   45  
6   8   56  
7   7   34  
8   9   82  
9   5   36  
10  6   44  
11  7   23  
12  9   45  
13  7   26  
14  8   55  
QUEUE
2   7   48  
3   9   71  
4   6   45  
5   6   45  
6   8   56  
7   7   34  
8   9   82  
9   5   36  
10  6   44  
11  7   23  
12  9   45  
13  7   26  
14  8   55  
15  8   55  
QUEUE
2   7   48  
3   9   71  
4   6   45  
5   6   45  
6   8   56  
7   7   34  
8   9   82  
9   5   36  
10  6   44  
11  7   23  
12  9   45  
13  7   26  
14  8   55  
15  8   55  
16  8   57  
QUEUE
2   7   48  
3   9   71  
4   6   45  
5   6   45  
6   8   56  
7   7   34  
8   9   82  
9   5   36  
10  6   44  
11  7   23  
12  9   45  
13  7   26  
14  8   55  
15  8   55  
16  8   57  
17  4   43  
QUEUE
2   7   48  
3   9   71  
4   6   45  
5   6   45  
6   8   56  
7   7   34  
8   9   82  
9   5   36  
10  6   44  
11  7   23  
12  9   45  
13  7   26  
14  8   55  
15  8   55  
16  8   57  
17  4   43  
18  5   44  
QUEUE
2   7   48  
3   9   71  
4   6   45  
5   6   45  
6   8   56  
7   7   34  
8   9   82  
9   5   36  
10  6   44  
11  7   23  
12  9   45  
13  7   26  
14  8   55  
15  8   55  
16  8   57  
17  4   43  
18  5   44  
19  9   78  
QUEUE
2   7   48  
3   9   71  
4   6   45  
5   6   45  
6   8   56  
7   7   34  
8   9   82  
9   5   36  
10  6   44  
11  7   23  
12  9   45  
13  7   26  
14  8   55  
15  8   55  
16  8   57  
17  4   43  
18  5   44  
19  9   78  
20  8   65  
QUEUE
2   7   48  
3   9   71  
4   6   45  
5   6   45  
6   8   56  
7   7   34  
8   9   82  
9   5   36  
10  6   44  
11  7   23  
12  9   45  
13  7   26  
14  8   55  
15  8   55  
16  8   57  
17  4   43  
18  5   44  
19  9   78  
20  8   65  
21  7   60  
QUEUE
2   7   48  
3   9   71  
4   6   45  
5   6   45  
6   8   56  
7   7   34  
8   9   82  
9   5   36  
10  6   44  
11  7   23  
12  9   45  
13  7   26  
14  8   55  
15  8   55  
16  8   57  
17  4   43  
18  5   44  
19  9   78  
20  8   65  
21  7   60  
22  6   23  
QUEUE
2   7   48  
3   9   71  
4   6   45  
5   6   45  
6   8   56  
7   7   34  
8   9   82  
9   5   36  
10  6   44  
11  7   23  
12  9   45  
13  7   26  
14  8   55  
15  8   55  
16  8   57  
17  4   43  
18  5   44  
19  9   78  
20  8   65  
21  7   60  
22  6   23  
23  7   32  
QUEUE
2   7   48  
3   9   71  
4   6   45  
5   6   45  
6   8   56  
7   7   34  
8   9   82  
9   5   36  
10  6   44  
11  7   23  
12  9   45  
13  7   26  
14  8   55  
15  8   55  
16  8   57  
17  4   43  
18  5   44  
19  9   78  
20  8   65  
21  7   60  
22  6   23  
23  7   32  
24  4   32  
QUEUE
2   7   48  
3   9   71  
4   6   45  
5   6   45  
6   8   56  
7   7   34  
8   9   82  
9   5   36  
10  6   44  
11  7   23  
12  9   45  
13  7   26  
14  8   55  
15  8   55  
16  8   57  
17  4   43  
18  5   44  
19  9   78  
20  8   65  
21  7   60  
22  6   23  
23  7   32  
24  4   32  
25  7   54  
QUEUE
2   7   48  
3   9   71  
4   6   45  
5   6   45  
6   8   56  
7   7   34  
8   9   82  
9   5   36  
10  6   44  
11  7   23  
12  9   45  
13  7   26  
14  8   55  
15  8   55  
16  8   57  
17  4   43  
18  5   44  
19  9   78  
20  8   65  
21  7   60  
22  6   23  
23  7   32  
24  4   32  
25  7   54  
26  10  64  
QUEUE
2   7   48  
3   9   71  
4   6   45  
5   6   45  
6   8   56  
7   7   34  
8   9   82  
9   5   36  
10  6   44  
11  7   23  
12  9   45  
13  7   26  
14  8   55  
15  8   55  
16  8   57  
17  4   43  
18  5   44  
19  9   78  
20  8   65  
21  7   60  
22  6   23  
23  7   32  
24  4   32  
25  7   54  
26  10  64  
27  6   61  
QUEUE
2   7   48  
3   9   71  
4   6   45  
5   6   45  
6   8   56  
7   7   34  
8   9   82  
9   5   36  
10  6   44  
11  7   23  
12  9   45  
13  7   26  
14  8   55  
15  8   55  
16  8   57  
17  4   43  
18  5   44  
19  9   78  
20  8   65  
21  7   60  
22  6   23  
23  7   32  
24  4   32  
25  7   54  
26  10  64  
27  6   61  
28  7   44  
QUEUE
2   7   48  
3   9   71  
4   6   45  
5   6   45  
6   8   56  
7   7   34  
8   9   82  
9   5   36  
10  6   44  
11  7   23  
12  9   45  
13  7   26  
14  8   55  
15  8   55  
16  8   57  
17  4   43  
18  5   44  
19  9   78  
20  8   65  
21  7   60  
22  6   23  
23  7   32  
24  4   32  
25  7   54  
26  10  64  
27  6   61  
28  7   44  
29  6   21  
QUEUE
2   7   48  
3   9   71  
4   6   45  
5   6   45  
6   8   56  
7   7   34  
8   9   82  
9   5   36  
10  6   44  
11  7   23  
12  9   45  
13  7   26  
14  8   55  
15  8   55  
16  8   57  
17  4   43  
18  5   44  
19  9   78  
20  8   65  
21  7   60  
22  6   23  
23  7   32  
24  4   32  
25  7   54  
26  10  64  
27  6   61  
28  7   44  
29  6   21  
30  6   21  
QUEUE
2   7   48  
3   9   71  
4   6   45  
5   6   45  
6   8   56  
7   7   34  
8   9   82  
9   5   36  
10  6   44  
11  7   23  
12  9   45  
13  7   26  
14  8   55  
15  8   55  
16  8   57  
17  4   43  
18  5   44  
19  9   78  
20  8   65  
21  7   60  
22  6   23  
23  7   32  
24  4   32  
25  7   54  
26  10  64  
27  6   61  
28  7   44  
29  6   21  
30  6   21  
31  7   44  
QUEUE
2   7   48  
3   9   71  
4   6   45  
5   6   45  
6   8   56  
7   7   34  
8   9   82  
9   5   36  
10  6   44  
11  7   23  
12  9   45  
13  7   26  
14  8   55  
15  8   55  
16  8   57  
17  4   43  
18  5   44  
19  9   78  
20  8   65  
21  7   60  
22  6   23  
23  7   32  
24  4   32  
25  7   54  
26  10  64  
27  6   61  
28  7   44  
29  6   21  
30  6   21  
31  7   44  
32  3   33  
QUEUE
2   7   48  
3   9   71  
4   6   45  
5   6   45  
6   8   56  
7   7   34  
8   9   82  
9   5   36  
10  6   44  
11  7   23  
12  9   45  
13  7   26  
14  8   55  
15  8   55  
16  8   57  
17  4   43  
18  5   44  
19  9   78  
20  8   65  
21  7   60  
22  6   23  
23  7   32  
24  4   32  
25  7   54  
26  10  64  
27  6   61  
28  7   44  
29  6   21  
30  6   21  
31  7   44  
32  3   33  
33  6   77  
QUEUE
2   7   48  
3   9   71  
4   6   45  
5   6   45  
6   8   56  
7   7   34  
8   9   82  
9   5   36  
10  6   44  
11  7   23  
12  9   45  
13  7   26  
14  8   55  
15  8   55  
16  8   57  
17  4   43  
18  5   44  
19  9   78  
20  8   65  
21  7   60  
22  6   23  
23  7   32  
24  4   32  
25  7   54  
26  10  64  
27  6   61  
28  7   44  
29  6   21  
30  6   21  
31  7   44  
32  3   33  
33  6   77  
34  10  41  
QUEUE
2   7   48  
3   9   71  
4   6   45  
5   6   45  
6   8   56  
7   7   34  
8   9   82  
9   5   36  
10  6   44  
11  7   23  
12  9   45  
13  7   26  
14  8   55  
15  8   55  
16  8   57  
17  4   43  
18  5   44  
19  9   78  
20  8   65  
21  7   60  
22  6   23  
23  7   32  
24  4   32  
25  7   54  
26  10  64  
27  6   61  
28  7   44  
29  6   21  
30  6   21  
31  7   44  
32  3   33  
33  6   77  
34  10  41  
35  8   76  
QUEUE
2   7   48  
3   9   71  
4   6   45  
5   6   45  
6   8   56  
7   7   34  
8   9   82  
9   5   36  
10  6   44  
11  7   23  
12  9   45  
13  7   26  
14  8   55  
15  8   55  
16  8   57  
17  4   43  
18  5   44  
19  9   78  
20  8   65  
21  7   60  
22  6   23  
23  7   32  
24  4   32  
25  7   54  
26  10  64  
27  6   61  
28  7   44  
29  6   21  
30  6   21  
31  7   44  
32  3   33  
33  6   77  
34  10  41  
35  8   76  
36  7   51  
QUEUE
2   7   48  
3   9   71  
4   6   45  
5   6   45  
6   8   56  
7   7   34  
8   9   82  
9   5   36  
10  6   44  
11  7   23  
12  9   45  
13  7   26  
14  8   55  
15  8   55  
16  8   57  
17  4   43  
18  5   44  
19  9   78  
20  8   65  
21  7   60  
22  6   23  
23  7   32  
24  4   32  
25  7   54  
26  10  64  
27  6   61  
28  7   44  
29  6   21  
30  6   21  
31  7   44  
32  3   33  
33  6   77  
34  10  41  
35  8   76  
36  7   51  
37  7   51  
QUEUE
2   7   48  
3   9   71  
4   6   45  
5   6   45  
6   8   56  
7   7   34  
8   9   82  
9   5   36  
10  6   44  
11  7   23  
12  9   45  
13  7   26  
14  8   55  
15  8   55  
16  8   57  
17  4   43  
18  5   44  
19  9   78  
20  8   65  
21  7   60  
22  6   23  
23  7   32  
24  4   32  
25  7   54  
26  10  64  
27  6   61  
28  7   44  
29  6   21  
30  6   21  
31  7   44  
32  3   33  
33  6   77  
34  10  41  
35  8   76  
36  7   51  
37  7   51  
38  8   40  
QUEUE
2   7   48  
3   9   71  
4   6   45  
5   6   45  
6   8   56  
7   7   34  
8   9   82  
9   5   36  
10  6   44  
11  7   23  
12  9   45  
13  7   26  
14  8   55  
15  8   55  
16  8   57  
17  4   43  
18  5   44  
19  9   78  
20  8   65  
21  7   60  
22  6   23  
23  7   32  
24  4   32  
25  7   54  
26  10  64  
27  6   61  
28  7   44  
29  6   21  
30  6   21  
31  7   44  
32  3   33  
33  6   77  
34  10  41  
35  8   76  
36  7   51  
37  7   51  
38  8   40  
39  6   30  
QUEUE
2   7   48  
3   9   71  
4   6   45  
5   6   45  
6   8   56  
7   7   34  
8   9   82  
9   5   36  
10  6   44  
11  7   23  
12  9   45  
13  7   26  
14  8   55  
15  8   55  
16  8   57  
17  4   43  
18  5   44  
19  9   78  
20  8   65  
21  7   60  
22  6   23  
23  7   32  
24  4   32  
25  7   54  
26  10  64  
27  6   61  
28  7   44  
29  6   21  
30  6   21  
31  7   44  
32  3   33  
33  6   77  
34  10  41  
35  8   76  
36  7   51  
37  7   51  
38  8   40  
39  6   30  
40  8   56  
QUEUE
2   7   48  
3   9   71  
4   6   45  
5   6   45  
6   8   56  
7   7   34  
8   9   82  
9   5   36  
10  6   44  
11  7   23  
12  9   45  
13  7   26  
14  8   55  
15  8   55  
16  8   57  
17  4   43  
18  5   44  
19  9   78  
20  8   65  
21  7   60  
22  6   23  
23  7   32  
24  4   32  
25  7   54  
26  10  64  
27  6   61  
28  7   44  
29  6   21  
30  6   21  
31  7   44  
32  3   33  
33  6   77  
34  10  41  
35  8   76  
36  7   51  
37  7   51  
38  8   40  
39  6   30  
40  8   56  
41  6   40  
QUEUE
2   7   48  
3   9   71  
4   6   45  
5   6   45  
6   8   56  
7   7   34  
8   9   82  
9   5   36  
10  6   44  
11  7   23  
12  9   45  
13  7   26  
14  8   55  
15  8   55  
16  8   57  
17  4   43  
18  5   44  
19  9   78  
20  8   65  
21  7   60  
22  6   23  
23  7   32  
24  4   32  
25  7   54  
26  10  64  
27  6   61  
28  7   44  
29  6   21  
30  6   21  
31  7   44  
32  3   33  
33  6   77  
34  10  41  
35  8   76  
36  7   51  
37  7   51  
38  8   40  
39  6   30  
40  8   56  
41  6   40  
42  7   80  
QUEUE
2   7   48  
3   9   71  
4   6   45  
5   6   45  
6   8   56  
7   7   34  
8   9   82  
9   5   36  
10  6   44  
11  7   23  
12  9   45  
13  7   26  
14  8   55  
15  8   55  
16  8   57  
17  4   43  
18  5   44  
19  9   78  
20  8   65  
21  7   60  
22  6   23  
23  7   32  
24  4   32  
25  7   54  
26  10  64  
27  6   61  
28  7   44  
29  6   21  
30  6   21  
31  7   44  
32  3   33  
33  6   77  
34  10  41  
35  8   76  
36  7   51  
37  7   51  
38  8   40  
39  6   30  
40  8   56  
41  6   40  
42  7   80  
43  4   38  
QUEUE
2   7   48  
3   9   71  
4   6   45  
5   6   45  
6   8   56  
7   7   34  
8   9   82  
9   5   36  
10  6   44  
11  7   23  
12  9   45  
13  7   26  
14  8   55  
15  8   55  
16  8   57  
17  4   43  
18  5   44  
19  9   78  
20  8   65  
21  7   60  
22  6   23  
23  7   32  
24  4   32  
25  7   54  
26  10  64  
27  6   61  
28  7   44  
29  6   21  
30  6   21  
31  7   44  
32  3   33  
33  6   77  
34  10  41  
35  8   76  
36  7   51  
37  7   51  
38  8   40  
39  6   30  
40  8   56  
41  6   40  
42  7   80  
43  4   38  
44  10  23  
QUEUE
2   7   48  
3   9   71  
4   6   45  
5   6   45  
6   8   56  
7   7   34  
8   9   82  
9   5   36  
10  6   44  
11  7   23  
12  9   45  
13  7   26  
14  8   55  
15  8   55  
16  8   57  
17  4   43  
18  5   44  
19  9   78  
20  8   65  
21  7   60  
22  6   23  
23  7   32  
24  4   32  
25  7   54  
26  10  64  
27  6   61  
28  7   44  
29  6   21  
30  6   21  
31  7   44  
32  3   33  
33  6   77  
34  10  41  
35  8   76  
36  7   51  
37  7   51  
38  8   40  
39  6   30  
40  8   56  
41  6   40  
42  7   80  
43  4   38  
44  10  23  
45  3   18  
QUEUE
2   7   48  
3   9   71  
4   6   45  
5   6   45  
6   8   56  
7   7   34  
8   9   82  
9   5   36  
10  6   44  
11  7   23  
12  9   45  
13  7   26  
14  8   55  
15  8   55  
16  8   57  
17  4   43  
18  5   44  
19  9   78  
20  8   65  
21  7   60  
22  6   23  
23  7   32  
24  4   32  
25  7   54  
26  10  64  
27  6   61  
28  7   44  
29  6   21  
30  6   21  
31  7   44  
32  3   33  
33  6   77  
34  10  41  
35  8   76  
36  7   51  
37  7   51  
38  8   40  
39  6   30  
40  8   56  
41  6   40  
42  7   80  
43  4   38  
44  10  23  
45  3   18  
46  7   48  
QUEUE
2   7   48  
3   9   71  
4   6   45  
5   6   45  
6   8   56  
7   7   34  
8   9   82  
9   5   36  
10  6   44  
11  7   23  
12  9   45  
13  7   26  
14  8   55  
15  8   55  
16  8   57  
17  4   43  
18  5   44  
19  9   78  
20  8   65  
21  7   60  
22  6   23  
23  7   32  
24  4   32  
25  7   54  
26  10  64  
27  6   61  
28  7   44  
29  6   21  
30  6   21  
31  7   44  
32  3   33  
33  6   77  
34  10  41  
35  8   76  
36  7   51  
37  7   51  
38  8   40  
39  6   30  
40  8   56  
41  6   40  
42  7   80  
43  4   38  
44  10  23  
45  3   18  
46  7   48  
47  8   73  
QUEUE
2   7   48  
3   9   71  
4   6   45  
5   6   45  
6   8   56  
7   7   34  
8   9   82  
9   5   36  
10  6   44  
11  7   23  
12  9   45  
13  7   26  
14  8   55  
15  8   55  
16  8   57  
17  4   43  
18  5   44  
19  9   78  
20  8   65  
21  7   60  
22  6   23  
23  7   32  
24  4   32  
25  7   54  
26  10  64  
27  6   61  
28  7   44  
29  6   21  
30  6   21  
31  7   44  
32  3   33  
33  6   77  
34  10  41  
35  8   76  
36  7   51  
37  7   51  
38  8   40  
39  6   30  
40  8   56  
41  6   40  
42  7   80  
43  4   38  
44  10  23  
45  3   18  
46  7   48  
47  8   73  
48  7   47  
QUEUE
2   7   48  
3   9   71  
4   6   45  
5   6   45  
6   8   56  
7   7   34  
8   9   82  
9   5   36  
10  6   44  
11  7   23  
12  9   45  
13  7   26  
14  8   55  
15  8   55  
16  8   57  
17  4   43  
18  5   44  
19  9   78  
20  8   65  
21  7   60  
22  6   23  
23  7   32  
24  4   32  
25  7   54  
26  10  64  
27  6   61  
28  7   44  
29  6   21  
30  6   21  
31  7   44  
32  3   33  
33  6   77  
34  10  41  
35  8   76  
36  7   51  
37  7   51  
38  8   40  
39  6   30  
40  8   56  
41  6   40  
42  7   80  
43  4   38  
44  10  23  
45  3   18  
46  7   48  
47  8   73  
48  7   47  
49  7   47  
QUEUE
2   7   48  
3   9   71  
4   6   45  
5   6   45  
6   8   56  
7   7   34  
8   9   82  
9   5   36  
10  6   44  
11  7   23  
12  9   45  
13  7   26  
14  8   55  
15  8   55  
16  8   57  
17  4   43  
18  5   44  
19  9   78  
20  8   65  
21  7   60  
22  6   23  
23  7   32  
24  4   32  
25  7   54  
26  10  64  
27  6   61  
28  7   44  
29  6   21  
30  6   21  
31  7   44  
32  3   33  
33  6   77  
34  10  41  
35  8   76  
36  7   51  
37  7   51  
38  8   40  
39  6   30  
40  8   56  
41  6   40  
42  7   80  
43  4   38  
44  10  23  
45  3   18  
46  7   48  
47  8   73  
48  7   47  
49  7   47  
50  6   62  
QUEUE
2   7   48  
3   9   71  
4   6   45  
5   6   45  
6   8   56  
7   7   34  
8   9   82  
9   5   36  
10  6   44  
11  7   23  
12  9   45  
13  7   26  
14  8   55  
15  8   55  
16  8   57  
17  4   43  
18  5   44  
19  9   78  
20  8   65  
21  7   60  
22  6   23  
23  7   32  
24  4   32  
25  7   54  
26  10  64  
27  6   61  
28  7   44  
29  6   21  
30  6   21  
31  7   44  
32  3   33  
33  6   77  
34  10  41  
35  8   76  
36  7   51  
37  7   51  
38  8   40  
39  6   30  
40  8   56  
41  6   40  
42  7   80  
43  4   38  
44  10  23  
45  3   18  
46  7   48  
47  8   73  
48  7   47  
49  7   47  
50  6   62  
0   0   0   
After enqueue
